10
0.0 999.4963555380331 999.4963555380331 995.2056744438104 1012.5885411595096 979.5109292657047 1012.5885411595096 994.1870568440581 995.2056744438104 991.8702554838817
999.4963555380331 0.0 999.4963555380331 979.5109292657047 1005.1341210269555 999.8213374937761 991.8702554838817 991.8702554838817 979.5109292657047 991.8702554838817
999.4963555380331 999.4963555380331 0.0 995.2056744438104 994.1870568440581 995.2056744438104 991.8702554838817 1001.2167938110005 994.1870568440581 999.8213374937761
995.2056744438104 979.5109292657047 995.2056744438104 0.0 1001.2167938110005 1005.1341210269555 1005.1341210269555 980.4953407754713 994.1870568440581 1001.2167938110005
1012.5885411595096 1005.1341210269555 994.1870568440581 1001.2167938110005 0.0 999.8213374937761 999.4963555380331 1012.5885411595096 980.4953407754713 1001.2167938110005
979.5109292657047 999.8213374937761 995.2056744438104 1005.1341210269555 999.8213374937761 0.0 1001.2167938110005 994.1870568440581 999.8213374937761 1005.1341210269555
1012.5885411595096 991.8702554838817 991.8702554838817 1005.1341210269555 999.4963555380331 1001.2167938110005 0.0 994.1870568440581 991.8702554838817 994.1870568440581
994.1870568440581 991.8702554838817 1001.2167938110005 980.4953407754713 1012.5885411595096 994.1870568440581 994.1870568440581 0.0 1012.5885411595096 1001.2167938110005
995.2056744438104 979.5109292657047 994.1870568440581 994.1870568440581 980.4953407754713 999.8213374937761 991.8702554838817 1012.5885411595096 0.0 1012.5885411595096
991.8702554838817 991.8702554838817 999.8213374937761 1001.2167938110005 1001.2167938110005 1005.1341210269555 994.1870568440581 1001.2167938110005 1012.5885411595096 0.0
