10
0.0 964.9197318113256 975.3402535285932 928.591624074005 1065.479914600076 964.9197318113256 981.4591615532901 1065.479914600076 1010.3138825013364 928.591624074005
964.9197318113256 0.0 981.4591615532901 955.3972777740278 1010.3138825013364 981.4591615532901 935.9101565780393 928.591624074005 1010.3138825013364 964.9197318113256
975.3402535285932 981.4591615532901 0.0 974.1563929638568 955.3972777740278 964.9197318113256 1022.5714291269446 1010.3138825013364 1065.479914600076 1065.479914600076
928.591624074005 955.3972777740278 974.1563929638568 0.0 955.3972777740278 935.9101565780393 1022.5714291269446 964.9197318113256 964.9197318113256 981.4591615532901
1065.479914600076 1010.3138825013364 955.3972777740278 955.3972777740278 0.0 974.1563929638568 1022.5714291269446 928.591624074005 964.9197318113256 955.3972777740278
964.9197318113256 981.4591615532901 964.9197318113256 935.9101565780393 974.1563929638568 0.0 928.591624074005 1022.5714291269446 964.9197318113256 981.4591615532901
981.4591615532901 935.9101565780393 1022.5714291269446 1022.5714291269446 1022.5714291269446 928.591624074005 0.0 928.591624074005 1022.5714291269446 975.3402535285932
1065.479914600076 928.591624074005 1010.3138825013364 964.9197318113256 928.591624074005 1022.5714291269446 928.591624074005 0.0 1010.3138825013364 981.4591615532901
1010.3138825013364 1010.3138825013364 1065.479914600076 964.9197318113256 964.9197318113256 964.9197318113256 1022.5714291269446 1010.3138825013364 0.0 928.591624074005
928.591624074005 964.9197318113256 1065.479914600076 981.4591615532901 955.3972777740278 981.4591615532901 975.3402535285932 981.4591615532901 928.591624074005 0.0
